3070 113     -18.52133     -19.48690       1.02060   0005  3069    0    0
3073 113     -13.52133     -19.48690       1.02060   0005  3072    0    0
3076 113      -8.52133     -19.48690       1.02060   0005  3075    0    0
3079 113      -3.52133     -19.48690       1.02060   0005  3078    0    0
3082 113       1.47867     -19.48690       1.02060   0005  3081    0    0
3085 113       6.47867     -19.48690       1.02060   0005  3084    0    0
3088 113      11.47867     -19.48690       1.02060   0005  3087    0    0
3091 113      16.47867     -19.48690       1.02060   0005  3090    0    0
3094 113      21.47867     -19.48690       1.02060   0005  3093    0    0
3097 113     -21.02133     -15.15680       1.02060   0005  3096    0    0
3100 113     -16.02133     -15.15680       1.02060   0005  3099    0    0
3103 113     -11.02133     -15.15680       1.02060   0005  3102    0    0
3106 113      -6.02133     -15.15680       1.02060   0005  3105    0    0
3109 113      -1.02133     -15.15680       1.02060   0005  3108    0    0
3112 113       3.97867     -15.15680       1.02060   0005  3111    0    0
3115 113       8.97867     -15.15680       1.02060   0005  3114    0    0
3118 113      13.97867     -15.15680       1.02060   0005  3117    0    0
3121 113      18.97867     -15.15680       1.02060   0005  3120    0    0
3124 113     -18.52133     -10.82670       1.02060   0005  3123    0    0
3127 113     -13.52133     -10.82670       1.02060   0005  3126    0    0
3130 113      -8.52133     -10.82670       1.02060   0005  3129    0    0
3133 113      -3.52133     -10.82670       1.02060   0005  3132    0    0
3136 113       1.47867     -10.82670       1.02060   0005  3135    0    0
3139 113       6.47867     -10.82670       1.02060   0005  3138    0    0
3142 113      11.47867     -10.82670       1.02060   0005  3141    0    0
3145 113      16.47867     -10.82670       1.02060   0005  3144    0    0
3148 113      21.47867     -10.82670       1.02060   0005  3147    0    0
3151 113     -21.02133      -6.49660       1.02060   0005  3150    0    0
3154 113     -16.02133      -6.49660       1.02060   0005  3153    0    0
3157 113     -11.02133      -6.49660       1.02060   0005  3156    0    0
3160 113      -6.02133      -6.49660       1.02060   0005  3159    0    0
3163 113      -1.02133      -6.49660       1.02060   0005  3162    0    0
3166 113       3.97867      -6.49660       1.02060   0005  3165    0    0
3169 113       8.97867      -6.49660       1.02060   0005  3168    0    0
3172 113      13.97867      -6.49660       1.02060   0005  3171    0    0
3175 113      18.97867      -6.49660       1.02060   0005  3174    0    0
3178 113     -18.52133      -2.16650       1.02060   0005  3177    0    0
3181 113     -13.52133      -2.16650       1.02060   0005  3180    0    0
3184 113      -8.52133      -2.16650       1.02060   0005  3183    0    0
3187 113      -3.52133      -2.16650       1.02060   0005  3186    0    0
3190 113       1.47867      -2.16650       1.02060   0005  3189    0    0
3193 113       6.47867      -2.16650       1.02060   0005  3192    0    0
3196 113      11.47867      -2.16650       1.02060   0005  3195    0    0
3199 113      16.47867      -2.16650       1.02060   0005  3198    0    0
3202 113      21.47867      -2.16650       1.02060   0005  3201    0    0
3205 113     -21.02133       2.16360       1.02060   0005  3204    0    0
3208 113     -16.02133       2.16360       1.02060   0005  3207    0    0
3211 113     -11.02133       2.16360       1.02060   0005  3210    0    0
3214 113      -6.02133       2.16360       1.02060   0005  3213    0    0
3217 113      -1.02133       2.16360       1.02060   0005  3216    0    0
3220 113       3.97867       2.16360       1.02060   0005  3219    0    0
3223 113       8.97867       2.16360       1.02060   0005  3222    0    0
3226 113      13.97867       2.16360       1.02060   0005  3225    0    0
3229 113      18.97867       2.16360       1.02060   0005  3228    0    0
3232 113     -18.52133       6.49370       1.02060   0005  3231    0    0
3235 113     -13.52133       6.49370       1.02060   0005  3234    0    0
3238 113      -8.52133       6.49370       1.02060   0005  3237    0    0
3241 113      -3.52133       6.49370       1.02060   0005  3240    0    0
3244 113       1.47867       6.49370       1.02060   0005  3243    0    0
3247 113       6.47867       6.49370       1.02060   0005  3246    0    0
3250 113      11.47867       6.49370       1.02060   0005  3249    0    0
3253 113      16.47867       6.49370       1.02060   0005  3252    0    0
3256 113      21.47867       6.49370       1.02060   0005  3255    0    0
3259 113     -21.02133      10.82380       1.02060   0005  3258    0    0
3262 113     -16.02133      10.82380       1.02060   0005  3261    0    0
3265 113     -11.02133      10.82380       1.02060   0005  3264    0    0
3268 113      -6.02133      10.82380       1.02060   0005  3267    0    0
3271 113      -1.02133      10.82380       1.02060   0005  3270    0    0
3274 113       3.97867      10.82380       1.02060   0005  3273    0    0
3277 113       8.97867      10.82380       1.02060   0005  3276    0    0
3280 113      13.97867      10.82380       1.02060   0005  3279    0    0
3283 113      18.97867      10.82380       1.02060   0005  3282    0    0
3286 113     -18.52133      15.15390       1.02060   0005  3285    0    0
3289 113     -13.52133      15.15390       1.02060   0005  3288    0    0
3292 113      -8.52133      15.15390       1.02060   0005  3291    0    0
3295 113      -3.52133      15.15390       1.02060   0005  3294    0    0
3298 113       1.47867      15.15390       1.02060   0005  3297    0    0
3301 113       6.47867      15.15390       1.02060   0005  3300    0    0
3304 113      11.47867      15.15390       1.02060   0005  3303    0    0
3307 113      16.47867      15.15390       1.02060   0005  3306    0    0
3310 113      21.47867      15.15390       1.02060   0005  3309    0    0
3313 113     -21.02133      19.48400       1.02060   0005  3312    0    0
3316 113     -16.02133      19.48400       1.02060   0005  3315    0    0
3319 113     -11.02133      19.48400       1.02060   0005  3318    0    0
3322 113      -6.02133      19.48400       1.02060   0005  3321    0    0
3325 113      -1.02133      19.48400       1.02060   0005  3324    0    0
3328 113       3.97867      19.48400       1.02060   0005  3327    0    0
3331 113       8.97867      19.48400       1.02060   0005  3330    0    0
3334 113      13.97867      19.48400       1.02060   0005  3333    0    0
3337 113      18.97867      19.48400       1.02060   0005  3336    0    0
3339 113     -21.02133     -20.92930       0.00000   0027  3339    0    1
3340 113     -16.02133     -20.92930       0.00000   0027  3340    0    1
3341 113     -11.02133     -20.92930       0.00000   0027  3341    0    1
3342 113      -6.02133     -20.92930       0.00000   0027  3342    0    1
3343 113      -1.02133     -20.92930       0.00000   0027  3343    0    1
3344 113       3.97867     -20.92930       0.00000   0027  3344    0    1
3345 113       8.97867     -20.92930       0.00000   0027  3345    0    1
3346 113      13.97867     -20.92930       0.00000   0027  3346    0    1
3347 113      18.97867     -20.92930       0.00000   0027  3347    0    1
3348 113     -18.52133     -16.59920       0.00000   0027  3348    0    1
3349 113     -13.52133     -16.59920       0.00000   0027  3349    0    1
3350 113      -8.52133     -16.59920       0.00000   0027  3350    0    1
3351 113      -3.52133     -16.59920       0.00000   0027  3351    0    1
3352 113       1.47867     -16.59920       0.00000   0027  3352    0    1
3353 113       6.47867     -16.59920       0.00000   0027  3353    0    1
3354 113      11.47867     -16.59920       0.00000   0027  3354    0    1
3355 113      16.47867     -16.59920       0.00000   0027  3355    0    1
3356 113      21.47867     -16.59920       0.00000   0027  3356    0    1
3357 113     -21.02133     -12.26910       0.00000   0027  3357    0    1
3358 113     -16.02133     -12.26910       0.00000   0027  3358    0    1
3359 113     -11.02133     -12.26910       0.00000   0027  3359    0    1
3360 113      -6.02133     -12.26910       0.00000   0027  3360    0    1
3361 113      -1.02133     -12.26910       0.00000   0027  3361    0    1
3362 113       3.97867     -12.26910       0.00000   0027  3362    0    1
3363 113       8.97867     -12.26910       0.00000   0027  3363    0    1
3364 113      13.97867     -12.26910       0.00000   0027  3364    0    1
3365 113      18.97867     -12.26910       0.00000   0027  3365    0    1
3366 113     -18.52133      -7.93900       0.00000   0027  3366    0    1
3367 113     -13.52133      -7.93900       0.00000   0027  3367    0    1
3368 113      -8.52133      -7.93900       0.00000   0027  3368    0    1
3369 113      -3.52133      -7.93900       0.00000   0027  3369    0    1
3370 113       1.47867      -7.93900       0.00000   0027  3370    0    1
3371 113       6.47867      -7.93900       0.00000   0027  3371    0    1
3372 113      11.47867      -7.93900       0.00000   0027  3372    0    1
3373 113      16.47867      -7.93900       0.00000   0027  3373    0    1
3374 113      21.47867      -7.93900       0.00000   0027  3374    0    1
3375 113     -21.02133      -3.60890       0.00000   0027  3375    0    1
3376 113     -16.02133      -3.60890       0.00000   0027  3376    0    1
3377 113     -11.02133      -3.60890       0.00000   0027  3377    0    1
3378 113      -6.02133      -3.60890       0.00000   0027  3378    0    1
3379 113      -1.02133      -3.60890       0.00000   0027  3379    0    1
3380 113       3.97867      -3.60890       0.00000   0027  3380    0    1
3381 113       8.97867      -3.60890       0.00000   0027  3381    0    1
3382 113      13.97867      -3.60890       0.00000   0027  3382    0    1
3383 113      18.97867      -3.60890       0.00000   0027  3383    0    1
3384 113     -18.52133       0.72120       0.00000   0027  3384    0    1
3385 113     -13.52133       0.72120       0.00000   0027  3385    0    1
3386 113      -8.52133       0.72120       0.00000   0027  3386    0    1
3387 113      -3.52133       0.72120       0.00000   0027  3387    0    1
3388 113       1.47867       0.72120       0.00000   0027  3388    0    1
3389 113       6.47867       0.72120       0.00000   0027  3389    0    1
3390 113      11.47867       0.72120       0.00000   0027  3390    0    1
3391 113      16.47867       0.72120       0.00000   0027  3391    0    1
3392 113      21.47867       0.72120       0.00000   0027  3392    0    1
3393 113     -21.02133       5.05130       0.00000   0027  3393    0    1
3394 113     -16.02133       5.05130       0.00000   0027  3394    0    1
3395 113     -11.02133       5.05130       0.00000   0027  3395    0    1
3396 113      -6.02133       5.05130       0.00000   0027  3396    0    1
3397 113      -1.02133       5.05130       0.00000   0027  3397    0    1
3398 113       3.97867       5.05130       0.00000   0027  3398    0    1
3399 113       8.97867       5.05130       0.00000   0027  3399    0    1
3400 113      13.97867       5.05130       0.00000   0027  3400    0    1
3401 113      18.97867       5.05130       0.00000   0027  3401    0    1
3402 113     -18.52133       9.38140       0.00000   0027  3402    0    1
3403 113     -13.52133       9.38140       0.00000   0027  3403    0    1
3404 113      -8.52133       9.38140       0.00000   0027  3404    0    1
3405 113      -3.52133       9.38140       0.00000   0027  3405    0    1
3406 113       1.47867       9.38140       0.00000   0027  3406    0    1
3407 113       6.47867       9.38140       0.00000   0027  3407    0    1
3408 113      11.47867       9.38140       0.00000   0027  3408    0    1
3409 113      16.47867       9.38140       0.00000   0027  3409    0    1
3410 113      21.47867       9.38140       0.00000   0027  3410    0    1
3411 113     -21.02133      13.71150       0.00000   0027  3411    0    1
3412 113     -16.02133      13.71150       0.00000   0027  3412    0    1
3413 113     -11.02133      13.71150       0.00000   0027  3413    0    1
3414 113      -6.02133      13.71150       0.00000   0027  3414    0    1
3415 113      -1.02133      13.71150       0.00000   0027  3415    0    1
3416 113       3.97867      13.71150       0.00000   0027  3416    0    1
3417 113       8.97867      13.71150       0.00000   0027  3417    0    1
3418 113      13.97867      13.71150       0.00000   0027  3418    0    1
3419 113      18.97867      13.71150       0.00000   0027  3419    0    1
3420 113     -18.52133      18.04160       0.00000   0027  3420    0    1
3421 113     -13.52133      18.04160       0.00000   0027  3421    0    1
3422 113      -8.52133      18.04160       0.00000   0027  3422    0    1
3423 113      -3.52133      18.04160       0.00000   0027  3423    0    1
3424 113       1.47867      18.04160       0.00000   0027  3424    0    1
3425 113       6.47867      18.04160       0.00000   0027  3425    0    1
3426 113      11.47867      18.04160       0.00000   0027  3426    0    1
3427 113      16.47867      18.04160       0.00000   0027  3427    0    1
3428 113      21.47867      18.04160       0.00000   0027  3428    0    1
