4802  55       0.00705      -0.37457      23.85542   0026  4802   77   76
4803  20       4.44878      -3.92171      28.90440   0004  4802    0    0
4804   5       5.30278      -3.37421      28.58970   0004  4802    0    0
4805   5       3.90242      -3.28155      29.69486   0004  4802    0    0
4806   5       4.88484      -4.83769      29.43308   0004  4802    0    0
4807  20       3.42269      -4.34666      27.71176   0004  4802    0    0
4808   5       3.93647      -4.95213      27.02635   0004  4802    0    0
4809   5       2.50146      -4.92251      27.95293   0004  4802    0    0
4810  20       2.91962      -2.97625      26.93876   0004  4802    0    0
4811   5       2.22400      -2.48037      27.55186   0004  4802    0    0
4812   5       3.80589      -2.38606      26.68203   0004  4802    0    0
4813  20       2.32366      -3.38822      25.59457   0004  4802    0    0
4814   5       3.17260      -3.99888      24.99913   0004  4802    0    0
4815   5       1.47365      -4.08574      25.74895   0004  4802    0    0
4816  20       1.87644      -2.22173      24.58492   0004  4802    0    0
4817   5       2.74252      -1.59240      24.65726   0004  4802    0    0
4818   5       2.01253      -2.62476      23.61152   0004  4802    0    0
4819  20       0.54408      -1.45246      24.86668   0004  4802    0    0
4820   5      -0.21443      -2.05620      25.25779   0004  4802    0    0
4821   5       0.77360      -1.00702      25.78756   0004  4802    0    0
4822  20      -5.24391      -4.04196      20.77332   0004  4802    0    0
4823   5      -5.39458      -3.85325      19.71102   0004  4802    0    0
4824   5      -4.63318      -4.89742      20.87309   0004  4802    0    0
4825   5      -6.20479      -4.28217      21.23148   0004  4802    0    0
4826  20      -4.70139      -2.68106      21.32199   0004  4802    0    0
4827   5      -5.69071      -2.11044      21.30993   0004  4802    0    0
4828   5      -4.09892      -2.30999      20.42402   0004  4802    0    0
4829  20      -4.08690      -2.37230      22.74378   0004  4802    0    0
4830   5      -4.91361      -2.31578      23.51858   0004  4802    0    0
4831   5      -3.97332      -1.28421      22.75818   0004  4802    0    0
4832  20      -2.76181      -2.95473      23.40262   0004  4802    0    0
4833   5      -2.89674      -4.09269      23.57799   0004  4802    0    0
4834   5      -2.77000      -2.73525      24.51865   0004  4802    0    0
4835  20      -1.29331      -2.77185      22.71826   0004  4802    0    0
4836   5      -1.23417      -3.17863      21.74088   0004  4802    0    0
4837   5      -0.64601      -3.40506      23.27026   0004  4802    0    0
4838  20      -0.51554      -1.39102      22.67130   0004  4802    0    0
4839   5      -0.98225      -0.86432      21.83840   0004  4802    0    0
4840   5       0.39485      -1.60801      22.02005   0004  4802    0    0
4841  20       6.15598       3.45443      24.35845   0004  4802    0    0
4842   5       6.12735       4.24539      25.00534   0004  4802    0    0
4843   5       5.80159       2.70392      25.15702   0004  4802    0    0
4844   5       7.24905       3.44217      24.33809   0004  4802    0    0
4845  20       5.21596       3.50056      23.07994   0004  4802    0    0
4846   5       5.35953       2.63313      22.50120   0004  4802    0    0
4847   5       5.59970       4.22165      22.40767   0004  4802    0    0
4848  20       3.69567       3.71961      23.17400   0004  4802    0    0
4849   5       3.37229       3.58574      22.18567   0004  4802    0    0
4850   5       3.61899       4.78816      23.48486   0004  4802    0    0
4851  20       2.61319       3.09767      24.22926   0004  4802    0    0
4852   5       1.84148       3.73051      23.89180   0004  4802    0    0
4853   5       2.70932       3.35851      25.26439   0004  4802    0    0
4854  20       2.16153       1.62260      24.32608   0004  4802    0    0
4855   5       1.68426       1.66195      25.37596   0004  4802    0    0
4856   5       3.04019       1.00276      24.48151   0004  4802    0    0
4857  20       1.14275       0.78569      23.38020   0004  4802    0    0
4858   5       1.93473       0.43180      22.72060   0004  4802    0    0
4859   5       0.58403       1.46651      22.81419   0004  4802    0    0
4860  20      -5.46693       4.36560      23.50147   0004  4802    0    0
4861   5      -5.86102       4.33739      22.57645   0004  4802    0    0
4862   5      -5.44341       3.40173      23.92171   0004  4802    0    0
4863   5      -6.06445       4.88330      24.20162   0004  4802    0    0
4864  20      -4.07235       4.95948      23.46240   0004  4802    0    0
4865   5      -3.74627       5.10854      24.48712   0004  4802    0    0
4866   5      -3.88928       5.91727      23.05557   0004  4802    0    0
4867  20      -2.90740       4.14205      22.70349   0004  4802    0    0
4868   5      -1.97694       4.71330      22.56018   0004  4802    0    0
4869   5      -3.27745       4.15809      21.66729   0004  4802    0    0
4870  20      -2.64656       2.59558      22.90691   0004  4802    0    0
4871   5      -2.12593       2.38813      21.98920   0004  4802    0    0
4872   5      -3.37249       1.93806      22.87915   0004  4802    0    0
4873  20      -1.68456       2.05197      24.10425   0004  4802    0    0
4874   5      -2.15471       2.22834      24.99094   0004  4802    0    0
4875   5      -0.78551       2.70063      24.19589   0004  4802    0    0
4876  20      -1.18750       0.50843      24.53208   0004  4802    0    0
4877   5      -2.28708       0.06871      24.68671   0004  4802    0    0
4878   5      -0.82672       0.72078      25.54262   0004  4802    0    0
