Input File -- 	pure000.equ
Filetype  -- 	.inp
Datestamp -- 	Fri Sep 10 14:20:48 1993
Status -- 	EQU
Number of atoms (natoms) -- 	648
Number of solute atoms (nsolute) -- 	0
X box size (xwall) -- 	16.733195
Y box size (ywall) -- 	16.733195
Z box size (zwall) -- 	16.733195
Equilibration Temperature (EqTemp) -- 	293.000000
St. Dev. of Equil. Temp. (DEqTemp) -- 	0.000000
Equilibration Pressure (EqTemp) -- 	0.000000
St. Dev. of Equil. Press. (DEqPress) --	0.000000
Extra file flag (xtrInQ) -- 	0
   #  type  x position    y position    z position  flags parent param1 param2
   0  18      -0.03481     -11.37789      -2.26390   0026     0    2    3
   1  49      -0.92146     -12.13651      -2.46160   0004     0    0    0
   2  10       1.16689     -10.60431      -1.98319   0004     0    0    0
   3  18      13.49213      -4.06084       1.55329   0026     3    2    3
   4  49      13.35865      -4.55379       2.57928   0004     3    0    0
   5  10      13.53696      -3.32837       0.31547   0004     3    0    0
   6  18     -13.00152      -1.83001       8.89195   0026     6    2    3
   7  49     -12.49895      -1.93112       7.83531   0004     6    0    0
   8  10     -13.87556      -1.70300      10.05239   0004     6    0    0
   9  18      -7.73287     -10.43147      -2.54105   0026     9    2    3
  10  49      -7.44665     -10.20842      -3.67298   0004     9    0    0
  11  10      -7.99224     -10.74490      -1.13036   0004     9    0    0
  12  18     -10.27676      -3.06930       5.76305   0026    12    2    3
  13  49     -10.43464      -4.20451       5.92303   0004    12    0    0
  14  10      -9.87992      -1.68115       5.47581   0004    12    0    0
  15  18       2.18755      -3.84322      12.57058   0026    15    2    3
  16  49       2.13865      -3.24443      13.58683   0004    15    0    0
  17  10       2.54269      -4.42291      11.30583   0004    15    0    0
  18  18       5.01140     -10.26571      -1.43214   0026    18    2    3
  19  49       5.55562      -9.67324      -2.27723   0004    18    0    0
  20  10       4.54394     -11.22503      -0.41391   0004    18    0    0
  21  18       7.52834      -9.63503       3.15726   0026    21    2    3
  22  49       6.55638      -9.80130       2.60877   0004    21    0    0
  23  10       8.84280      -9.37879       3.70651   0004    21    0    0
  24  18      -1.46855      -2.57569       2.54041   0026    24    2    3
  25  49      -0.60404      -1.99308       2.07424   0004    24    0    0
  26  10      -2.61118      -3.43156       3.04610   0004    24    0    0
  27  18      -1.39790      -6.99739      10.66068   0026    27    2    3
  28  49      -1.20520      -6.72674      11.77206   0004    27    0    0
  29  10      -1.44780      -7.43417       9.27417   0004    27    0    0
  30  18     -10.44034       5.95036       0.07931   0026    30    2    3
  31  49     -10.98128       6.82695       0.66172   0004    30    0    0
  32  10      -9.73298       4.81723      -0.54671   0004    30    0    0
  33  18       3.66443       0.43013      -5.85006   0026    33    2    3
  34  49       4.34351      -0.51704      -5.63169   0004    33    0    0
  35  10       2.87481       1.60989      -6.04541   0004    33    0    0
  36  18       8.86748      -2.40964     -12.56279   0026    36    2    3
  37  49       9.29272      -2.34453     -13.66016   0004    36    0    0
  38  10       8.40473      -2.63851     -11.14797   0004    36    0    0
  39  18       3.76962     -15.50558      -0.43323   0026    39    2    3
  40  49       4.09445     -14.69627      -1.19845   0004    39    0    0
  41  10       3.61208     -16.45342       0.67675   0004    39    0    0
  42  18       1.33328      10.08560       4.61158   0026    42    2    3
  43  49       2.08078      10.88467       5.04836   0004    42    0    0
  44  10       0.53045       8.98765       4.02748   0004    42    0    0
  45  18       1.31032       5.45384      -1.73407   0026    45    2    3
  46  49       0.52407       6.21492      -2.15246   0004    45    0    0
  47  10       2.32521       4.52929      -1.27476   0004    45    0    0
  48  18      -3.20370       7.05433       4.21009   0026    48    2    3
  49  49      -2.11734       7.45815       4.39442   0004    48    0    0
  50  10      -4.57052       6.62426       4.11443   0004    48    0    0
  51  18      -1.88077       4.52828     -14.77462   0026    51    2    3
  52  49      -2.14602       3.98314     -13.78475   0004    51    0    0
  53  10      -1.23377       5.18946     -15.99950   0004    51    0    0
  54  18      12.01814      -1.81227      -4.02408   0026    54    2    3
  55  49      12.05110      -2.50998      -4.96978   0004    54    0    0
  56  10      11.92301      -0.98957      -2.85617   0004    54    0    0
  57  18       7.69723       2.89467      11.57605   0026    57    2    3
  58  49       6.90658       2.52831      12.35046   0004    57    0    0
  59  10       8.44255       3.52618      10.53141   0004    57    0    0
  60  18     -10.78852       1.89640       5.96168   0026    60    2    3
  61  49      -9.87028       1.77126       6.65333   0004    60    0    0
  62  10     -11.74217       2.37264       5.05753   0004    60    0    0
  63  18      -3.49670      -5.98042     -15.48383   0026    63    2    3
  64  49      -3.77170      -6.77306     -16.26881   0004    63    0    0
  65  10      -3.15369      -4.99254     -14.50074   0004    63    0    0
  66  18      -9.19697      -2.57359      -5.45339   0026    66    2    3
  67  49      -8.86751      -3.29163      -4.58614   0004    66    0    0
  68  10      -9.50219      -1.49184      -6.33380   0004    66    0    0
  69  18      -8.38994      -2.36431     -10.25036   0026    69    2    3
  70  49      -8.12446      -1.47811      -9.55058   0004    69    0    0
  71  10      -8.70806      -3.70120     -10.73921   0004    69    0    0
  72  18       5.79075       5.66286      12.78994   0026    72    2    3
  73  49       6.07135       6.17502      11.78409   0004    72    0    0
  74  10       5.29229       5.11867      14.02799   0004    72    0    0
  75  18       1.09528      10.31673      -1.54529   0026    75    2    3
  76  49       0.98208      10.77709      -2.61820   0004    75    0    0
  77  10       1.20981       9.86188      -0.15400   0004    75    0    0
  78  18       0.36857      13.67902      -4.71115   0026    78    2    3
  79  49       0.67076      14.72566      -4.35242   0004    78    0    0
  80  10       0.14248      12.29653      -5.04039   0004    78    0    0
  81  18       7.42832      -1.83336       6.94317   0026    81    2    3
  82  49       8.27824      -2.39453       7.51687   0004    81    0    0
  83  10       6.40485      -1.12196       6.18596   0004    81    0    0
  84  18     -15.88359      -4.87235      -1.78110   0026    84    2    3
  85  49     -16.64655      -4.59708      -0.91364   0004    84    0    0
  86  10     -15.09886      -5.28289      -2.94672   0004    84    0    0
  87  18      -1.85098       9.05129      12.17987   0026    87    2    3
  88  49      -0.68561       9.06439      12.39902   0004    87    0    0
  89  10      -3.28848       9.17249      11.93129   0004    87    0    0
  90  18      -7.99770      -1.18758      -1.59230   0026    90    2    3
  91  49      -8.12770      -1.55456      -0.51423   0004    90    0    0
  92  10      -7.90362      -0.69921      -2.97135   0004    90    0    0
  93  18       7.00974       8.79516      -5.51266   0026    93    2    3
  94  49       6.67160       8.01694      -6.34033   0004    93    0    0
  95  10       7.45310       9.74257      -4.51019   0004    93    0    0
  96  18       5.89366       0.50855      -9.13613   0026    96    2    3
  97  49       6.35507       1.56256      -9.41158   0004    96    0    0
  98  10       5.17989      -0.69172      -8.76186   0004    96    0    0
  99  18      -7.54314      -4.06428       2.28297   0026    99    2    3
 100  49      -8.56101      -3.85614       2.82448   0004    99    0    0
 101  10      -6.26735      -4.15640       1.61107   0004    99    0    0
 102  18      -2.06378       3.53199      -3.24208   0026   102    2    3
 103  49      -2.83616       4.00889      -3.98907   0004   102    0    0
 104  10      -1.09105       3.05747      -2.30699   0004   102    0    0
 105  18       1.40987     -11.85973       1.41422   0026   105    2    3
 106  49       1.49628     -12.95593       1.01223   0004   105    0    0
 107  10       1.55401     -10.47347       1.85170   0004   105    0    0
 108  18     -13.02195       0.88206      -7.51418   0026   108    2    3
 109  49     -12.62849       1.13039      -6.43077   0004   108    0    0
 110  10     -13.54232       0.48475      -8.81495   0004   108    0    0
 111  18      -0.24221      -4.32414     -12.23555   0026   111    2    3
 112  49      -0.85879      -4.45644     -11.24680   0004   111    0    0
 113  10       0.64970      -4.03154     -13.41046   0004   111    0    0
 114  18      -4.38338      -8.35718      -6.41188   0026   114    2    3
 115  49      -3.71251      -7.42483      -6.60337   0004   114    0    0
 116  10      -5.45046      -9.26101      -6.34396   0004   114    0    0
 117  18      -6.75124       3.48877     -11.80282   0026   117    2    3
 118  49      -7.80520       3.91755     -11.42855   0004   117    0    0
 119  10      -5.39889       3.14576     -12.25667   0004   117    0    0
 120  18      -5.52657      -8.49472       1.00063   0026   120    2    3
 121  49      -4.94563      -7.78229       0.25468   0004   120    0    0
 122  10      -6.19095      -9.40225       1.88906   0004   120    0    0
 123  18      -6.44006      -5.87319       5.15291   0026   123    2    3
 124  49      -5.73548      -6.45060       4.46728   0004   123    0    0
 125  10      -7.25810      -5.06185       5.99715   0004   123    0    0
 126  18      -2.09668       7.80107       8.12271   0026   126    2    3
 127  49      -3.15216       7.32187       7.97238   0004   126    0    0
 128  10      -0.82902       8.51434       8.24417   0004   126    0    0
 129  18      -1.89923      15.06646      -6.91742   0026   129    2    3
 130  49      -1.59541      16.10151      -6.52444   0004   129    0    0
 131  10      -2.26216      13.75481      -7.33505   0004   129    0    0
 132  18      -0.55805     -12.81321     -11.67770   0026   132    2    3
 133  49       0.05014     -11.89416     -12.09015   0004   132    0    0
 134  10      -1.30210     -13.99293     -11.12966   0004   132    0    0
 135  18      15.34184       7.20781      -1.96815   0026   135    2    3
 136  49      15.93632       6.19878      -2.12210   0004   135    0    0
 137  10      14.69712       8.44115      -1.59079   0004   135    0    0
 138  18       7.65323       0.98319       2.31869   0026   138    2    3
 139  49       7.86032       2.08700       2.57440   0004   138    0    0
 140  10       7.23993      -0.23598       1.67009   0004   138    0    0
 141  18      -2.85629       8.70331       1.05247   0026   141    2    3
 142  49      -2.77941       7.56219       1.15863   0004   141    0    0
 143  10      -3.16293      10.11901       0.92714   0004   141    0    0
 144  18      -0.10411      -7.91292     -13.82285   0026   144    2    3
 145  49       0.47569      -8.07804     -14.77383   0004   144    0    0
 146  10      -0.92133      -7.91784     -12.63385   0004   144    0    0
 147  18       8.96420      -7.78755       7.19160   0026   147    2    3
 148  49       8.39556      -7.16070       6.39512   0004   147    0    0
 149  10       9.73540      -8.68343       8.03946   0004   147    0    0
 150  18     -13.98089       4.36019       1.90458   0026   150    2    3
 151  49     -14.71697       3.90144       1.09073   0004   150    0    0
 152  10     -13.17738       5.06480       2.91155   0004   150    0    0
 153  18      -4.37964      -7.23753     -11.13153   0026   153    2    3
 154  49      -4.59173      -8.30255     -11.58809   0004   153    0    0
 155  10      -3.94468      -5.90926     -10.67532   0004   153    0    0
 156  18      -2.47332     -11.82432       1.63931   0026   156    2    3
 157  49      -2.59919     -10.80141       2.21196   0004   156    0    0
 158  10      -2.16152     -13.16487       1.11835   0004   156    0    0
 159  18       1.02762      12.30342       8.14188   0026   159    2    3
 160  49       0.76748      11.28517       8.64443   0004   159    0    0
 161  10       1.26739      13.50541       7.52459   0004   159    0    0
 162  18       3.21853       9.62160      -4.80524   0026   162    2    3
 163  49       3.99072      10.46984      -4.53340   0004   162    0    0
 164  10       2.12434       8.76706      -5.27294   0004   162    0    0
 165  18       2.83717     -10.02450       7.49832   0026   165    2    3
 166  49       3.81923      -9.59770       8.02330   0004   165    0    0
 167  10       1.53911     -10.18761       6.88688   0004   165    0    0
 168  18       3.01403      -0.79171       3.65004   0026   168    2    3
 169  49       3.88831      -0.32290       3.08176   0004   168    0    0
 170  10       1.89876      -1.34909       4.44850   0004   168    0    0
 171  18      -5.62972      -2.06810     -12.56487   0026   171    2    3
 172  49      -5.52204      -3.21293     -12.82307   0004   171    0    0
 173  10      -5.88369      -0.64881     -12.36416   0004   171    0    0
 174  18      -1.32382       3.81006       5.43124   0026   174    2    3
 175  49      -0.99519       3.40435       4.37754   0004   174    0    0
 176  10      -1.94936       4.10184       6.68183   0004   174    0    0
 177  18       4.70675       8.10937      -9.22451   0026   177    2    3
 178  49       4.14253       7.08937      -9.14127   0004   177    0    0
 179  10       5.52425       9.26926      -9.45272   0004   177    0    0
 180  18     -15.08359       2.18319       7.80048   0026   180    2    3
 181  49     -14.36484       2.88864       7.22281   0004   180    0    0
 182  10     -16.07476       1.38394       8.53361   0004   180    0    0
 183  18      -9.59915      -8.46511       2.12360   0026   183    2    3
 184  49      -9.69687      -9.40758       1.43610   0004   183    0    0
 185  10      -9.46856      -7.28373       2.94032   0004   183    0    0
 186  18       9.16589      -1.76739      -7.80985   0026   186    2    3
 187  49       8.54742      -0.79700      -7.57231   0004   186    0    0
 188  10       9.83860      -3.07996      -8.02133   0004   186    0    0
 189  18      -4.88383       1.66676      -8.74369   0026   189    2    3
 190  49      -4.15986       0.83044      -9.08678   0004   189    0    0
 191  10      -5.78109       2.70394      -8.26334   0004   189    0    0
 192  18     -10.00066      10.29337      -2.60730   0026   192    2    3
 193  49      -9.34710       9.57553      -2.00610   0004   192    0    0
 194  10     -10.96980      11.22694      -3.19384   0004   192    0    0
 195  18      -3.21867      12.92512       8.12012   0026   195    2    3
 196  49      -2.69953      13.51847       7.25247   0004   195    0    0
 197  10      -3.60087      12.01412       9.21090   0004   195    0    0
 198  18       4.72447      13.97241       6.39656   0026   198    2    3
 199  49       4.82319      14.22085       7.54517   0004   198    0    0
 200  10       4.61769      13.55572       4.95282   0004   198    0    0
 201  18      -1.45699       2.11777      -6.25397   0026   201    2    3
 202  49      -0.64680       1.46689      -5.69735   0004   201    0    0
 203  10      -2.24685       3.09886      -6.95816   0004   201    0    0
 204  18      -7.13057     -15.14597       1.73431   0026   204    2    3
 205  49      -6.13218     -14.56242       1.88120   0004   204    0    0
 206  10      -8.34628     -15.99215       1.52445   0004   204    0    0
 207  18       4.27204       6.14388      -4.73625   0026   207    2    3
 208  49       4.32569       6.70768      -3.69418   0004   207    0    0
 209  10       4.14740       5.42822      -5.97879   0004   207    0    0
 210  18       5.67333      -4.38761      -3.16445   0026   210    2    3
 211  49       6.02473      -5.26097      -2.42045   0004   210    0    0
 212  10       5.33678      -3.54486      -4.32356   0004   210    0    0
 213  18       1.30308      -5.82608      -2.46869   0026   213    2    3
 214  49       0.44084      -5.23881      -1.93682   0004   213    0    0
 215  10       2.12760      -6.52049      -3.44984   0004   213    0    0
 216  18      10.93851      -3.68778       9.32985   0026   216    2    3
 217  49      11.03990      -2.58646       9.73428   0004   216    0    0
 218  10      10.75473      -5.01841       8.74297   0004   216    0    0
 219  18       3.12484       3.08269      16.03516   0026   219    2    3
 220  49       2.38380       3.92164      15.79726   0004   219    0    0
 221  10       3.80336       1.84736      16.55218   0004   219    0    0
 222  18       9.27529       7.98727       2.29190   0026   222    2    3
 223  49       8.81180       7.00481       1.90045   0004   222    0    0
 224  10       9.89385       9.25962       2.60888   0004   222    0    0
 225  18      -6.50938      -1.61490      15.28765   0026   225    2    3
 226  49      -6.59947      -1.01765      14.30354   0004   225    0    0
 227  10      -6.53073      -2.55313      16.41996   0004   225    0    0
 228  18      -4.49584       4.38197       1.28979   0026   228    2    3
 229  49      -5.63197       4.25333       1.40492   0004   228    0    0
 230  10      -3.00829       4.34518       1.11512   0004   228    0    0
 231  18      11.14534      -1.29490       5.20247   0026   231    2    3
 232  49      11.37029      -0.18984       5.50752   0004   231    0    0
 233  10      11.15801      -2.61728       4.62411   0004   231    0    0
 234  18      -9.86767       0.57574     -11.31038   0026   234    2    3
 235  49      -9.62949      -0.27355     -12.10193   0004   234    0    0
 236  10      -9.83495       1.43900     -10.16799   0004   234    0    0
 237  18       2.13800       5.19729       9.03233   0026   237    2    3
 238  49       2.14109       6.31916       8.65491   0004   237    0    0
 239  10       1.96851       3.79863       9.42731   0004   237    0    0
 240  18       7.33111      -0.61569      14.87730   0026   240    2    3
 241  49       6.45205      -0.45815      15.61306   0004   240    0    0
 242  10       8.38894      -0.71907      13.91043   0004   240    0    0
 243  18       3.08108       8.66870      11.73400   0026   243    2    3
 244  49       3.70138       8.88375      12.71798   0004   243    0    0
 245  10       2.26265       8.48429      10.51866   0004   243    0    0
 246  18      10.36907       8.80867      -1.61890   0026   246    2    3
 247  49       9.99405       9.77873      -2.15001   0004   246    0    0
 248  10      10.88710       7.59407      -1.04369   0004   246    0    0
 249  18      -4.06980       0.51388       2.52825   0026   249    2    3
 250  49      -5.11950       0.24739       2.04590   0004   249    0    0
 251  10      -2.87790       0.91536       3.26520   0004   249    0    0
 252  18       3.40680      -6.61813     -14.80870   0026   252    2    3
 253  49       3.11718      -5.63150     -15.35929   0004   252    0    0
 254  10       3.71258      -7.77882     -13.99752   0004   252    0    0
 255  18       2.29676      -1.14990     -15.98013   0026   255    2    3
 256  49       2.22870      -0.34898     -15.10192   0004   255    0    0
 257  10       2.40326      -2.17499     -17.00590   0004   255    0    0
 258  18      11.21877      -0.15308     -10.77711   0026   258    2    3
 259  49      11.75569      -0.46494      -9.76819   0004   258    0    0
 260  10      10.30039       0.39754     -11.80799   0004   258    0    0
 261  18       3.84013       7.77503       5.47846   0026   261    2    3
 262  49       3.45333       6.87691       4.83661   0004   261    0    0
 263  10       4.36225       8.88085       6.31178   0004   261    0    0
 264  18       2.50571      -9.45730      11.65326   0026   264    2    3
 265  49       1.63146     -10.12260      11.98822   0004   264    0    0
 266  10       3.47866      -8.52680      11.17094   0004   264    0    0
 267  18       6.72657       2.31711      -5.59741   0026   267    2    3
 268  49       6.19797       3.04442      -6.31243   0004   267    0    0
 269  10       7.51779       1.48582      -4.74736   0004   267    0    0
 270  18       5.98131       4.31716       8.11154   0026   270    2    3
 271  49       6.31762       3.23379       7.87406   0004   270    0    0
 272  10       5.59493       5.67108       8.30443   0004   270    0    0
 273  18       9.37786       3.28965       7.10438   0026   273    2    3
 274  49       9.61911       4.31448       7.62698   0004   273    0    0
 275  10       9.10032       2.12829       6.29360   0004   273    0    0
 276  18      -0.88539      -3.18650       9.90954   0026   276    2    3
 277  49       0.09841      -3.45156       9.34340   0004   276    0    0
 278  10      -2.07715      -2.68530      10.58292   0004   276    0    0
 279  18     -15.12535       0.24668       4.64660   0026   279    2    3
 280  49     -15.45132       0.91738       3.78496   0004   279    0    0
 281  10     -14.61711      -0.74833       5.64694   0004   279    0    0
 282  18      13.56148       4.87381       1.11591   0026   282    2    3
 283  49      12.42406       4.62381       0.86824   0004   282    0    0
 284  10      14.96878       4.86388       1.45121   0004   282    0    0
 285  18      -6.31747      11.47784      -0.24279   0026   285    2    3
 286  49      -6.28718      10.33178      -0.48226   0004   285    0    0
 287  10      -6.50437      12.84479       0.14234   0004   285    0    0
 288  18      -9.91839       4.21438      -7.34509   0026   288    2    3
 289  49      -8.86515       3.76338      -7.64484   0004   288    0    0
 290  10     -11.15074       4.92822      -7.06082   0004   288    0    0
 291  18      -1.88197      12.72854      -1.15786   0026   291    2    3
 292  49      -2.45969      12.24913      -2.08768   0004   291    0    0
 293  10      -1.05157      13.54843      -0.29060   0004   291    0    0
 294  18      -6.07688      10.13338      -4.86421   0026   294    2    3
 295  49      -5.38871       9.46098      -5.53146   0004   294    0    0
 296  10      -6.86783      11.20195      -4.23019   0004   294    0    0
 297  18       4.61521      -0.00835      -1.15076   0026   297    2    3
 298  49       4.49081      -0.83718      -0.33443   0004   297    0    0
 299  10       4.75917       1.18723      -1.97316   0004   297    0    0
 300  18      -0.90560      -8.32208       3.97707   0026   300    2    3
 301  49       0.16128      -8.65038       4.14620   0004   300    0    0
 302  10      -2.27319      -8.00131       3.83701   0004   300    0    0
 303  18       0.28216      -4.54358       5.80666   0026   303    2    3
 304  49      -0.38131      -3.60922       5.66530   0004   303    0    0
 305  10       0.90559      -5.83909       6.07883   0004   303    0    0
 306  18     -12.48760       0.19974       1.99674   0026   306    2    3
 307  49     -12.20300      -0.49467       2.87521   0004   306    0    0
 308  10     -12.96877       0.96051       0.78258   0004   306    0    0
 309  18      -2.65282      -1.01662      -1.69660   0026   309    2    3
 310  49      -2.17251      -0.28918      -2.49038   0004   309    0    0
 311  10      -3.26553      -1.76258      -0.57561   0004   309    0    0
 312  18      -0.08766       8.28347      15.64707   0026   312    2    3
 313  49       0.78291       7.52177      15.66135   0004   312    0    0
 314  10      -1.26251       9.09591      15.76426   0004   312    0    0
 315  18       1.55468      -3.53253      -6.54662   0026   315    2    3
 316  49       1.42606      -3.90260      -5.41658   0004   315    0    0
 317  10       1.68697      -3.03084      -7.82788   0004   315    0    0
 318  18       7.87305      -4.28140       0.21290   0026   318    2    3
 319  49       7.30308      -4.85239       1.08467   0004   318    0    0
 320  10       8.72086      -3.53952      -0.77797   0004   318    0    0
 321  18       6.69195      -5.29337      -8.99176   0026   321    2    3
 322  49       6.65024      -4.28686      -8.39590   0004   321    0    0
 323  10       6.56145      -6.59694      -9.72784   0004   321    0    0
 324  18      12.12262       3.14428      -3.19400   0026   324    2    3
 325  49      11.13842       2.63407      -3.57295   0004   324    0    0
 326  10      13.39921       3.83915      -2.97546   0004   324    0    0
 327  18      -4.50205      -2.34395       5.84531   0026   327    2    3
 328  49      -5.51034      -2.13690       5.26142   0004   327    0    0
 329  10      -3.22250      -2.50923       6.56270   0004   327    0    0
 330  18      -5.99176       2.47895      -1.85997   0026   330    2    3
 331  49      -7.07233       2.81962      -2.18463   0004   330    0    0
 332  10      -4.67923       2.18485      -1.43215   0004   330    0    0
 333  18     -13.80291       3.46430      -2.25477   0026   333    2    3
 334  49     -13.09152       4.40544      -2.08490   0004   333    0    0
 335  10     -14.56176       2.26063      -2.42810   0004   333    0    0
 336  18      -9.14221       9.95461       2.79604   0026   336    2    3
 337  49      -9.38257      10.63955       3.70837   0004   336    0    0
 338  10      -8.71705       9.36326       1.50809   0004   336    0    0
 339  18       1.28201       0.16777      -3.13358   0026   339    2    3
 340  49       1.60785       1.25623      -2.91910   0004   339    0    0
 341  10       0.90291      -1.07546      -3.77205   0004   339    0    0
 342  18      -1.49781       2.07231     -11.31489   0026   342    2    3
 343  49      -1.85399       1.10804     -11.79214   0004   342    0    0
 344  10      -0.98180       3.30698     -10.74041   0004   342    0    0
 345  18       6.77217      15.32926       0.62450   0026   345    2    3
 346  49       6.93916      16.13650      -0.22346   0004   345    0    0
 347  10       6.60092      14.45455       1.73087   0004   345    0    0
 348  18      -3.50438      -3.38662      -3.71871   0026   348    2    3
 349  49      -4.40090      -2.63081      -3.72321   0004   348    0    0
 350  10      -2.35929      -4.35783      -3.76496   0004   348    0    0
 351  18       9.07798     -12.93148      -2.91970   0026   351    2    3
 352  49       9.80429     -13.87430      -3.01553   0004   351    0    0
 353  10       8.19559     -11.84691      -2.58949   0004   351    0    0
 354  18       4.74848      -3.12976     -11.69400   0026   354    2    3
 355  49       5.05155      -2.00197     -11.71685   0004   354    0    0
 356  10       4.26287      -4.48476     -11.70016   0004   354    0    0
 357  18       9.84902      -9.16944      -4.94826   0026   357    2    3
 358  49      10.65322      -8.63127      -4.32005   0004   357    0    0
 359  10       8.68614      -9.82809      -5.52504   0004   357    0    0
 360  18      -5.47361     -13.19989      -1.55058   0026   360    2    3
 361  49      -5.17297     -12.24279      -0.95847   0004   360    0    0
 362  10      -5.45234     -14.45761      -2.29726   0004   360    0    0
 363  18      16.21912      -0.57072      -6.74995   0026   363    2    3
 364  49      17.13477      -0.27710      -7.41708   0004   363    0    0
 365  10      15.27210      -1.08369      -5.79372   0004   363    0    0
 366  18     -14.79848      -1.11766      -2.44572   0026   366    2    3
 367  49     -15.64650      -0.70892      -1.75444   0004   366    0    0
 368  10     -13.85864      -1.52648      -3.42836   0004   366    0    0
 369  18       0.73922      -9.87418      -5.97380   0026   369    2    3
 370  49       1.89984      -9.79969      -6.23401   0004   369    0    0
 371  10      -0.71000      -9.92341      -5.83350   0004   369    0    0
 372  18      -5.68193       0.62133      -5.30926   0026   372    2    3
 373  49      -6.76569       0.97370      -5.46844   0004   372    0    0
 374  10      -4.29639       0.28697      -5.23421   0004   372    0    0
 375  18       0.45865       0.82318      12.58982   0026   375    2    3
 376  49       0.95791       1.22077      13.58338   0004   375    0    0
 377  10      -0.13562       0.47027      11.34122   0004   375    0    0
 378  18       5.72940       5.36644       0.89055   0026   378    2    3
 379  49       5.65494       4.63264       0.00590   0004   378    0    0
 380  10       5.70503       6.17184       2.13385   0004   378    0    0
 381  18     -12.67901      -5.86357       3.95322   0026   381    2    3
 382  49     -12.51201      -6.95874       4.33516   0004   381    0    0
 383  10     -13.09383      -4.54064       3.46870   0004   381    0    0
 384  18      -8.66531       3.24135      10.31701   0026   384    2    3
 385  49      -9.19572       3.92673      11.10913   0004   384    0    0
 386  10      -8.02955       2.48982       9.21698   0004   384    0    0
 387  18       5.51169     -13.51480       2.69853   0026   387    2    3
 388  49       4.54084     -13.01029       2.99225   0004   387    0    0
 389  10       6.70009     -14.33011       2.22785   0004   387    0    0
 390  18       6.72281      10.54519       0.05399   0026   390    2    3
 391  49       6.25369      11.53933       0.38706   0004   390    0    0
 392  10       7.02568       9.18549      -0.31849   0004   390    0    0
 393  18     -13.87404       7.89443      -1.30787   0026   393    2    3
 394  49     -13.40399       8.71025      -1.99122   0004   393    0    0
 395  10     -14.59032       6.88308      -0.51213   0004   393    0    0
 396  18       0.92235      12.90729      -9.61222   0026   396    2    3
 397  49       0.36176      13.66582      -8.88895   0004   396    0    0
 398  10       1.40256      11.75803     -10.40572   0004   396    0    0
 399  18     -10.96479       6.04997       8.03884   0026   399    2    3
 400  49     -10.20304       6.95203       7.94932   0004   399    0    0
 401  10     -11.85578       4.95619       8.29667   0004   399    0    0
 402  18       3.51571       5.39657     -12.54991   0026   402    2    3
 403  49       3.44587       4.28680     -12.18310   0004   402    0    0
 404  10       3.56943       6.78569     -13.02706   0004   402    0    0
 405  18       1.86992       0.65409     -10.69230   0026   405    2    3
 406  49       1.38572       0.28805      -9.70774   0004   405    0    0
 407  10       2.40864       0.98755     -12.04017   0004   405    0    0
 408  18       1.96519       3.43826      -8.46270   0026   408    2    3
 409  49       1.02476       3.61431      -7.80029   0004   408    0    0
 410  10       3.22002       3.44198      -9.17301   0004   408    0    0
 411  18      -3.10880      -0.00007      14.02693   0026   411    2    3
 412  49      -2.81799      -1.06440      13.61376   0004   411    0    0
 413  10      -3.49676       1.33281      14.45902   0004   411    0    0
 414  18       3.93133       0.18851      11.42186   0026   414    2    3
 415  49       3.61263       0.64643      10.40536   0004   414    0    0
 416  10       4.44933      -0.38017      12.69894   0004   414    0    0
 417  18      -1.69479       8.85015      -4.57255   0026   417    2    3
 418  49      -1.10706       9.01821      -5.54868   0004   417    0    0
 419  10      -2.57501       8.78761      -3.39456   0004   417    0    0
 420  18     -10.94541       1.53135      -3.35636   0026   420    2    3
 421  49     -11.44094       0.72810      -2.69055   0004   420    0    0
 422  10     -10.23658       2.51309      -4.25948   0004   420    0    0
 423  18      -0.64797      13.58336       3.30985   0026   423    2    3
 424  49      -0.44944      12.53460       2.84020   0004   423    0    0
 425  10      -0.71675      14.94840       3.84650   0004   423    0    0
 426  18      12.80087       2.25349      -6.74518   0026   426    2    3
 427  49      13.77531       2.86779      -6.58542   0004   426    0    0
 428  10      11.58669       1.52687      -7.12879   0004   426    0    0
 429  18      -4.61593       1.23777       6.58386   0026   429    2    3
 430  49      -3.56397       0.83313       6.82982   0004   429    0    0
 431  10      -5.99884       1.66697       6.30238   0004   429    0    0
 432  18       9.55357      -7.58734      -7.95050   0026   432    2    3
 433  49       9.22301      -6.85040      -7.10278   0004   432    0    0
 434  10       9.80069      -8.55026      -8.97181   0004   432    0    0
 435  18       3.90084       2.52115       5.51636   0026   435    2    3
 436  49       3.35247       2.09791       6.49260   0004   435    0    0
 437  10       4.61434       3.09178       4.36295   0004   435    0    0
 438  18      15.46582       1.22979      -0.51495   0026   438    2    3
 439  49      14.54159       0.91093      -1.14452   0004   438    0    0
 440  10      16.47152       1.38473       0.51034   0004   438    0    0
 441  18       8.03188       6.34367       5.55867   0026   441    2    3
 442  49       7.42374       5.49078       5.10073   0004   441    0    0
 443  10       8.87706       7.45944       6.05601   0004   441    0    0
 444  18      -0.09699       9.08357     -13.87685   0026   444    2    3
 445  49       0.04285       8.15860     -13.20564   0004   444    0    0
 446  10      -0.25923      10.37634     -14.54891   0004   444    0    0
 447  18       1.96112     -13.78375      -4.78293   0026   447    2    3
 448  49       0.90729     -14.27074      -4.54996   0004   447    0    0
 449  10       3.37687     -13.36716      -5.16625   0004   447    0    0
 450  18       3.32275      13.08267      -0.20862   0026   450    2    3
 451  49       3.30862      13.56031       0.85389   0004   450    0    0
 452  10       3.47422      12.58579      -1.61098   0004   450    0    0
 453  18      -4.40634       7.52750     -11.18611   0026   453    2    3
 454  49      -4.91950       8.54491     -11.46878   0004   453    0    0
 455  10      -3.56250       6.38044     -11.04481   0004   453    0    0
 456  18      14.29531      -1.06416       3.90227   0026   456    2    3
 457  49      14.18792      -0.75894       2.75608   0004   456    0    0
 458  10      14.71550      -1.38658       5.25686   0004   456    0    0
 459  18       9.45241       4.63795      -8.19101   0026   459    2    3
 460  49      10.05238       5.00308      -7.23842   0004   459    0    0
 461  10       8.59050       4.25613      -9.34489   0004   459    0    0
 462  18       3.55287      -7.33556       0.24524   0026   462    2    3
 463  49       2.74844      -8.14475      -0.04882   0004   462    0    0
 464  10       4.52816      -6.31046       0.55628   0004   462    0    0
 465  18      -5.65488       6.55750      -1.40538   0026   465    2    3
 466  49      -4.55000       6.18914      -1.64188   0004   465    0    0
 467  10      -6.85013       7.17088      -0.94377   0004   465    0    0
 468  18       8.95787       2.63481      -1.07256   0026   468    2    3
 469  49       8.53276       1.53723      -1.00878   0004   468    0    0
 470  10       9.54867       3.96311      -0.88384   0004   468    0    0
 471  18      -9.76380      -6.29161      -1.84390   0026   471    2    3
 472  49      -9.08571      -7.13109      -1.37689   0004   471    0    0
 473  10     -10.63878      -5.36413      -2.53860   0004   471    0    0
 474  18      12.60034      -8.58409       1.81026   0026   474    2    3
 475  49      13.04510      -9.63528       1.58112   0004   474    0    0
 476  10      11.78207      -7.37725       1.83133   0004   474    0    0
 477  18       0.13170       4.68630      12.36454   0026   477    2    3
 478  49      -0.43936       3.82575      11.81479   0004   477    0    0
 479  10       1.00546       5.74310      12.94883   0004   477    0    0
 480  18     -10.28035      13.75713       0.50613   0026   480    2    3
 481  49     -10.22101      13.34169      -0.54585   0004   480    0    0
 482  10     -10.53199      14.40252       1.82959   0004   480    0    0
 483  18       4.31331      -5.38330       5.03337   0026   483    2    3
 484  49       3.73326      -4.38312       5.17794   0004   483    0    0
 485  10       5.03753      -6.60372       4.66378   0004   483    0    0
 486  18      -1.93694      -2.20560      -8.02720   0026   486    2    3
 487  49      -2.18304      -3.13871      -7.36785   0004   486    0    0
 488  10      -1.58174      -1.17824      -8.97962   0004   486    0    0
 489  18       6.33719      -6.07763       9.62222   0026   489    2    3
 490  49       6.34357      -6.75377      10.59251   0004   489    0    0
 491  10       6.43855      -5.15463       8.46344   0004   489    0    0
 492  18      -9.63581      -7.82520      -6.79844   0026   492    2    3
 493  49     -10.10939      -7.84423      -7.90473   0004   492    0    0
 494  10      -8.98154      -7.87487      -5.50101   0004   492    0    0
 495  18      11.69957       4.20866       3.84264   0026   495    2    3
 496  49      12.72363       3.86550       4.31745   0004   495    0    0
 497  10      10.44095       4.73367       3.40047   0004   495    0    0
 498  18       0.36075       1.34998       0.90345   0026   498    2    3
 499  49      -0.77003       1.70540       0.91304   0004   498    0    0
 500  10       1.81551       1.10038       0.93703   0004   498    0    0
 501  18      -4.58706     -12.65363       5.70530   0026   501    2    3
 502  49      -4.62282     -13.47727       6.49122   0004   501    0    0
 503  10      -4.53987     -11.56284       4.76823   0004   501    0    0
 504  18      -2.45297     -15.81100       5.71084   0026   504    2    3
 505  49      -2.84136     -16.05365       4.64856   0004   504    0    0
 506  10      -2.10065     -15.47418       7.14000   0004   504    0    0
 507  18     -13.10568      -7.51465       0.39120   0026   507    2    3
 508  49     -13.42715      -6.39290       0.56207   0004   507    0    0
 509  10     -12.80087      -8.84526       0.02974   0004   507    0    0
 510  18      -4.76333       5.73383      -6.60070   0026   510    2    3
 511  49      -4.22645       5.88774      -7.59798   0004   510    0    0
 512  10      -5.49558       5.42724      -5.42655   0004   510    0    0
 513  18       2.43002     -10.10843     -10.62155   0026   513    2    3
 514  49       3.21541      -9.51830     -11.25151   0004   513    0    0
 515  10       1.50478     -10.60530      -9.56975   0004   513    0    0
 516  18       8.62319      -8.51891      -0.25176   0026   516    2    3
 517  49       8.95653      -9.53391       0.24925   0004   516    0    0
 518  10       8.28021      -7.32193      -0.98177   0004   516    0    0
 519  18      -9.38291      -4.63660       9.06218   0026   519    2    3
 520  49      -8.92685      -5.65458       8.70969   0004   519    0    0
 521  10      -9.56758      -3.45420       9.82572   0004   519    0    0
 522  18      11.49131      -5.19840      -3.22139   0026   522    2    3
 523  49      12.44873      -5.23634      -2.56632   0004   522    0    0
 524  10      10.22594      -4.80455      -3.90083   0004   522    0    0
 525  18      -3.45176      -0.17245     -15.28702   0026   525    2    3
 526  49      -4.54026      -0.58738     -15.36736   0004   525    0    0
 527  10      -2.15195       0.46569     -15.22819   0004   525    0    0
 528  18     -12.89311      -4.36598      -6.51235   0026   528    2    3
 529  49     -13.26575      -3.62664      -5.68943   0004   528    0    0
 530  10     -12.45750      -5.43608      -7.45961   0004   528    0    0
 531  18       9.84281     -14.12092       0.75418   0026   531    2    3
 532  49      10.06035     -13.31091       1.56458   0004   531    0    0
 533  10       9.60529     -15.32418      -0.07429   0004   531    0    0
 534  18      -2.76923     -11.66915      -8.92230   0026   534    2    3
 535  49      -1.90050     -12.34391      -8.47968   0004   534    0    0
 536  10      -3.72469     -10.77869      -9.46323   0004   534    0    0
 537  18      -5.26199       4.81142       9.14642   0026   537    2    3
 538  49      -6.05722       5.12404       8.35995   0004   537    0    0
 539  10      -4.31251       4.46809      10.27044   0004   537    0    0
 540  18      -4.90603      -5.20285      11.89349   0026   540    2    3
 541  49      -5.51887      -4.86047      10.97711   0004   540    0    0
 542  10      -4.11174      -5.58590      13.06125   0004   540    0    0
 543  18       5.55070      10.14729       3.10136   0026   543    2    3
 544  49       6.64671      10.45277       3.36382   0004   543    0    0
 545  10       4.26236       9.70432       2.56182   0004   543    0    0
 546  18      -9.77175       6.47536      -3.90069   0026   546    2    3
 547  49      -8.64089       6.11419      -3.98841   0004   546    0    0
 548  10     -11.19528       6.68259      -3.49091   0004   546    0    0
 549  18      -4.06433      15.21367      -1.92072   0026   549    2    3
 550  49      -4.56315      15.38758      -0.88688   0004   549    0    0
 551  10      -3.60485      15.43021      -3.35258   0004   549    0    0
 552  18      -2.89695      -8.72109      -2.82392   0026   552    2    3
 553  49      -1.82399      -8.27544      -3.00999   0004   552    0    0
 554  10      -4.30808      -9.16952      -2.68710   0004   552    0    0
 555  18      11.32558      -0.20300       1.18573   0026   555    2    3
 556  49      11.01646      -1.23656       0.69653   0004   555    0    0
 557  10      11.55980       1.09660       1.80465   0004   555    0    0
 558  18       0.38593     -13.67377       9.03549   0026   558    2    3
 559  49       0.15898     -13.25285       7.97194   0004   558    0    0
 560  10       0.59102     -13.99538      10.49503   0004   558    0    0
 561  18       0.10595      -4.81120      15.97134   0026   561    2    3
 562  49      -0.71172      -4.18312      16.55929   0004   561    0    0
 563  10       1.00559      -5.69136      15.25503   0004   561    0    0
 564  18      -3.62787     -13.14867      -5.34354   0026   564    2    3
 565  49      -4.58570     -12.53925      -5.55467   0004   564    0    0
 566  10      -2.59334     -13.98608      -4.92343   0004   564    0    0
 567  18      11.56770       7.88188      -5.12509   0026   567    2    3
 568  49      12.03365       7.52312      -4.10810   0004   567    0    0
 569  10      10.76218       8.28828      -6.23471   0004   567    0    0
 570  18       1.94705     -16.30980       4.08861   0026   570    2    3
 571  49       2.30669     -17.24585       4.66346   0004   570    0    0
 572  10       1.60979     -15.01688       3.56462   0004   570    0    0
 573  18      13.91088      -4.92900       5.94167   0026   573    2    3
 574  49      13.55467      -4.02789       6.55121   0004   573    0    0
 575  10      14.32766      -6.05671       5.23574   0004   573    0    0
 576  18      -6.42236      -5.14095      -7.59274   0026   576    2    3
 577  49      -6.84933      -5.97202      -8.32134   0004   576    0    0
 578  10      -5.94314      -4.22889      -6.56699   0004   576    0    0
 579  18      -0.33572     -15.74379      -0.07760   0026   579    2    3
 580  49      -0.68902     -16.18949       0.95636   0004   579    0    0
 581  10       0.14040     -15.32335      -1.38193   0004   579    0    0
 582  18      -9.49972       1.91115       2.11087   0026   582    2    3
 583  49     -10.36670       2.65473       1.96824   0004   582    0    0
 584  10      -8.41963       0.90991       2.26788   0004   582    0    0
 585  18      -1.65418      -5.99187       0.25988   0026   585    2    3
 586  49      -2.21409      -4.96810       0.13023   0004   585    0    0
 587  10      -0.85875      -7.22434       0.26842   0004   585    0    0
 588  18       7.77172      -2.49645      11.06203   0026   588    2    3
 589  49       7.48848      -3.42211      11.74279   0004   588    0    0
 590  10       7.83342      -1.21700      10.28934   0004   588    0    0
 591  18      10.86065       0.65817      10.06259   0026   591    2    3
 592  49      10.34789       0.92743      11.06511   0004   591    0    0
 593  10      11.22786       0.36037       8.71303   0004   591    0    0
 594  18     -10.37010       0.80912      12.37491   0026   594    2    3
 595  49     -10.75630       0.48066      11.31047   0004   594    0    0
 596  10      -9.87789       1.04677      13.71742   0004   594    0    0
 597  18       3.10904      -2.27704       8.41363   0026   597    2    3
 598  49       3.83748      -3.15833       8.68810   0004   597    0    0
 599  10       2.19351      -1.17159       7.97842   0004   597    0    0
 600  18      -6.02490      -6.01645      -3.09826   0026   600    2    3
 601  49      -5.58699      -6.36003      -4.11719   0004   600    0    0
 602  10      -6.48414      -5.37914      -1.82344   0004   600    0    0
 603  18       8.44917       6.07559      -3.42855   0026   603    2    3
 604  49       8.35254       6.63341      -2.44009   0004   603    0    0
 605  10       8.58246       5.21752      -4.57662   0004   603    0    0
 606  18      -7.76603      -9.36913       5.87457   0026   606    2    3
 607  49      -7.94246      -9.99883       4.90329   0004   606    0    0
 608  10      -7.55786      -8.65700       7.12195   0004   606    0    0
 609  18      -5.30885      11.39017       5.12444   0026   609    2    3
 610  49      -6.25353      10.88599       5.57151   0004   609    0    0
 611  10      -4.11982      12.18424       4.67288   0004   609    0    0
 612  18      -4.40785      -0.14991      10.43646   0026   612    2    3
 613  49      -3.63219       0.62775      10.08280   0004   612    0    0
 614  10      -5.49359      -1.06538      10.92964   0004   612    0    0
 615  18       3.39938      -6.76948      -7.96316   0026   615    2    3
 616  49       2.90188      -6.73013      -9.02592   0004   615    0    0
 617  10       3.92396      -6.88285      -6.60690   0004   615    0    0
 618  18      -0.48264      -7.23600      -8.79989   0026   618    2    3
 619  49      -0.69172      -8.29108      -9.27979   0004   618    0    0
 620  10      -0.42122      -5.96573      -8.04900   0004   618    0    0
 621  18     -16.10502      -2.70967       2.78460   0026   621    2    3
 622  49     -16.29494      -3.28690       3.78406   0004   621    0    0
 623  10     -15.99208      -2.00702       1.49477   0004   621    0    0
 624  18      -3.74881      14.58520       2.03228   0026   624    2    3
 625  49      -3.48062      13.47006       2.02369   0004   624    0    0
 626  10      -4.05851      16.03026       2.11497   0004   624    0    0
 627  18      -3.68587       6.05223      14.96471   0026   627    2    3
 628  49      -2.60712       6.27250      14.50520   0004   627    0    0
 629  10      -5.03282       5.68697      15.35128   0004   627    0    0
 630  18       1.36876       6.41775       1.70812   0026   630    2    3
 631  49       2.30081       7.09108       1.49766   0004   630    0    0
 632  10       0.13340       5.72904       2.07036   0004   630    0    0
 633  18     -12.39095      -3.14134       0.44110   0026   633    2    3
 634  49     -13.55351      -3.23473       0.25383   0004   633    0    0
 635  10     -10.97395      -3.07214       0.73815   0004   633    0    0
 636  18       2.01046      -4.54146       1.48543   0026   636    2    3
 637  49       1.88103      -5.46965       2.19240   0004   636    0    0
 638  10       2.13840      -3.32544       0.74625   0004   636    0    0
 639  18      -3.90570      -9.84118       7.91076   0026   639    2    3
 640  49      -4.32689      -9.11984       7.06286   0004   639    0    0
 641  10      -3.34682     -10.81313       8.86066   0004   639    0    0
 642  18       4.77207     -12.29237       6.21380   0026   642    2    3
 643  49       4.34976     -13.30629       6.56892   0004   642    0    0
 644  10       5.32360     -11.15477       5.52266   0004   642    0    0
 645  18       0.08673       7.81640      -8.85557   0026   645    2    3
 646  49      -0.34160       8.69383      -9.54661   0004   645    0    0
 647  10       0.35087       6.75203      -8.05541   0004   645    0    0
